   6.2090793e-01
   7.0443571e-01
   5.1334552e-01
   2.1508903e-01
             NaN
             NaN
             NaN
             NaN
             NaN
             NaN
             NaN
   3.8426597e-01
  -4.5210244e-01
             NaN
             NaN
             NaN
             NaN
             NaN
             NaN
             NaN
             NaN
             NaN
             NaN
             NaN
             NaN
             NaN
             NaN
  -1.0799108e+00
             NaN
             NaN
             NaN
             NaN
             NaN
             NaN
             NaN
             NaN
             NaN
             NaN
             NaN
             NaN
             NaN
  -7.0706236e-01
             NaN
             NaN
             NaN
             NaN
             NaN
             NaN
  -1.2801754e+00
  -2.8499168e+00
  -5.9422671e-01
  -6.0965834e-02
  -1.3227589e-01
  -4.0565017e-01
   6.0345557e-02
   5.8402602e-02
  -8.3385049e-01
  -5.7664592e-01
  -7.9277719e-01
  -1.3799414e+00
  -7.7491392e-01
  -6.6817394e-01
  -5.5290856e-01
  -9.0817803e-01
   4.5882200e-01
   4.3089368e-01
   6.8071806e-01
   4.0199389e-01
   4.0617641e-01
  -1.1020529e-01
  -2.4943606e-01
   7.5808037e-03
  -2.0620142e-01
  -7.3607017e-01
   4.2549934e-01
  -3.8195613e-01
   4.0106762e-01
  -3.0566270e-03
  -4.5473873e-01
  -2.2638393e-01
   9.9698129e-01
   8.6283569e-01
   1.4084836e-01
  -1.3007871e-01
  -1.5118292e-01
   2.4988437e-02
  -5.5120877e-01
  -7.6722763e-01
  -1.4624319e-01
   7.7222352e-01
   1.1914902e+00
   4.9797101e-01
   9.9572819e-01
   8.7589266e-01
   1.3251446e+00
   1.6296813e-02
   2.4511901e-01
  -7.3482618e-02
   1.2406204e-01
  -4.7974011e-01
  -1.5866984e-01
  -1.0755574e-01
   1.1262828e-01
  -3.4227635e-01
   8.7368220e-02
   1.6139657e-01
   2.5355789e-01
   9.8867530e-01
   2.9244242e-01
   3.1066576e-01
   2.6393228e-01
  -1.5602888e-01
   6.3067763e-01
   5.8194575e-01
   8.5279258e-01
   1.5463173e-01
  -5.0863297e-01
   4.1692455e-01
  -5.9402338e-01
  -6.8665848e-01
   5.0105780e-01
   6.5830729e-01
   2.1627388e-01
  -2.6156190e-01
   3.9070348e-01
   5.2036700e-01
   6.3072387e-01
   1.1524983e+00
  -2.4061379e-01
   1.1455918e+00
   1.3104061e+00
             NaN
   1.4842159e+00
   5.4481628e-01
   9.9002023e-03
   2.5105005e-01
  -1.3540066e-01
  -5.5497093e-01
  -3.4068000e-02
  -6.1660215e-01
  -4.2267943e-01
  -1.5626847e-01
  -4.7701368e-02
  -8.8908543e-01
  -9.1952677e-01
   6.0872459e-01
  -4.2757213e-01
  -7.7655808e-01
   3.4454254e-02
   6.6817930e-01
   1.7825424e+00
   1.1068976e+00
   3.3888886e-02
   6.9270747e-01
             NaN
             NaN
   6.0921926e-01
   4.7909871e-01
   8.3263541e-01
   1.1716780e-01
   2.8169606e-01
   8.1231659e-01
  -6.8037445e-01
  -5.1501035e-01
  -6.7452143e-01
   1.2340963e+00
   3.4702632e-01
  -5.5724003e-02
  -5.2136268e-01
   4.3746840e-01
  -1.3276197e-01
  -1.0790924e+00
   2.2035262e-02
  -6.4934384e-01
   3.3020984e-01
   1.1460031e+00
  -1.1443335e+00
  -8.7041620e-02
  -2.6195665e-01
   2.5938636e-02
  -6.1278837e-01
  -3.2315930e-01
  -9.1156530e-01
  -5.8375467e-01
  -6.7728324e-01
             NaN
             NaN
             NaN
             NaN
             NaN
  -5.0966684e-01
  -7.2875916e-01
             NaN
             NaN
  -3.6106630e-01
             NaN
             NaN
             NaN
   1.1346701e+00
             NaN
  -5.7708564e-01
             NaN
             NaN
             NaN
             NaN
             NaN
   3.6396551e-01
             NaN
             NaN
             NaN
   9.8677273e-01
             NaN
  -2.9529393e-02
             NaN
  -7.7008855e-01
             NaN
             NaN
             NaN
             NaN
  -8.3269433e-01
  -2.9478320e-01
             NaN
             NaN
             NaN
             NaN
             NaN
             NaN
             NaN
             NaN
             NaN
             NaN
             NaN
             NaN
   1.4115563e-01
             NaN
   2.0010629e+00
             NaN
             NaN
   1.6193486e+00
             NaN
             NaN
             NaN
             NaN
             NaN
             NaN
             NaN
             NaN
             NaN
             NaN
             NaN
   8.3600769e-03
             NaN
             NaN
             NaN
             NaN
             NaN
             NaN
             NaN
             NaN
             NaN
             NaN
             NaN
             NaN
             NaN
             NaN
             NaN
             NaN
             NaN
             NaN
   3.1439717e+00
             NaN
             NaN
             NaN
             NaN
             NaN
             NaN
  -1.6903417e+00
             NaN
   4.0599027e-01
   1.8587055e-01
             NaN
   4.4347742e-01
   7.8693628e-02
             NaN
   2.2548143e+00
   2.5766472e+00
   2.7384204e+00
             NaN
             NaN
             NaN
             NaN
             NaN
             NaN
   3.0547050e-01
  -2.2742752e-01
             NaN
  -1.7022260e+00
   9.5339765e-02
  -6.4280446e-01
  -8.9222529e-01
  -1.3289227e+00
  -1.5389958e-01
   1.0336664e+00
   6.0554137e-01
             NaN
  -2.2529126e-01
  -8.9684206e-01
  -5.2441398e-01
  -8.3345367e-01
             NaN
  -9.7781026e-01
   5.4701519e-01
             NaN
  -3.0977507e-01
   4.0047349e-01
   6.4182702e-01
   5.1952767e-01
  -3.0095282e-01
   6.7781681e-01
  -2.7395150e-02
   5.0170135e-01
   2.6957271e-01
  -1.1616234e-01
  -2.3986634e-01
  -9.7734214e-02
  -2.8877394e-01
  -6.2566499e-01
   5.5034284e-01
  -1.0969980e-01
             NaN
  -8.9524498e-01
   2.8147275e-01
  -5.5916925e-01
  -2.5803250e-01
  -8.6798549e-01
  -7.9731665e-01
  -7.5929600e-01
  -8.2999048e-01
  -5.5456575e-01
             NaN
             NaN
  -1.1763386e-01
   2.1529613e-01
   1.9310728e-01
             NaN
  -2.1591222e-01
  -3.5215121e-01
  -1.2322926e+00
  -8.2654917e-01
  -8.8884835e-01
  -3.7268804e-01
  -1.0896086e+00
             NaN
   1.0443936e-01
  -1.3796189e-01
  -9.5718182e-01
   2.1872042e-01
  -6.0043334e-01
  -9.4944569e-01
  -1.4373141e+00
   3.9172532e-02
  -9.1684901e-01
  -6.4326715e-02
  -3.3931508e-01
  -1.1939878e-01
   2.9644038e-01
  -8.9295062e-02
  -4.9397875e-01
  -4.2826399e-01
  -6.8866247e-01
  -8.6083742e-01
  -5.0486107e-01
   6.4146483e-01
  -7.7808351e-01
  -1.3518899e+00
  -1.2703892e+00
  -5.4215725e-01
  -1.1705929e-01
   7.9307553e-01
   6.8962810e-01
   3.6924618e-01
   1.0637429e+00
   1.0874524e+00
   4.5933073e-01
   1.3807817e+00
   3.5509400e-01
   5.6509476e-01
   1.6586362e+00
   9.0308311e-01
   2.0415072e+00
   6.2978367e-01
   1.7959933e+00
   1.8446939e+00
   2.3800394e+00
   2.2438988e+00
   2.2335579e+00
   1.8383467e+00
   1.0686069e+00
             NaN
   8.0935146e-01
   5.2165575e-01
             NaN
   1.2205556e-01
   2.6968018e-01
  -1.2293588e-01
  -4.4957250e-01
   1.1177270e-01
  -7.3773390e-01
  -2.4185695e-01
   3.5737959e-01
  -7.1290613e-02
  -7.5620374e-01
  -2.2139957e-01
  -2.4316868e-01
  -7.7139959e-01
  -5.9286218e-01
   1.8793837e-01
  -1.0075132e+00
  -9.1828105e-01
  -6.7034758e-02
  -2.4866008e+00
   5.0965691e-02
  -1.0843536e-02
   1.7342603e+00
             NaN
   4.4864650e-02
   5.1336575e-01
   1.1798827e-01
   5.6966051e-01
   1.0972941e+00
   5.6461297e-01
   2.6050974e-01
   4.4254949e-01
   9.5841761e-02
   6.2317048e-01
   4.7159183e-01
   2.9092028e-01
   3.5171354e-01
   7.2024407e-01
   1.0763847e-02
   7.8181749e-01
  -1.2113706e-01
   6.2668001e-01
  -3.2793814e-01
  -2.4602465e-01
  -4.5303847e-01
   4.2265575e-01
   3.3406921e-01
   3.9461121e-01
  -1.2007505e-01
  -6.9745345e-01
  -4.5405982e-01
   2.2659490e-01
  -5.2151677e-01
  -4.8062051e-01
  -6.2768553e-01
  -6.2201946e-01
  -2.7277151e-01
   7.8505204e-01
   8.1300976e-01
   1.1639479e+00
   3.6406804e-02
   1.8313704e-01
  -1.0659034e-02
   2.0687094e-01
   1.4063386e-01
   8.2081146e-01
  -3.2273662e-01
  -5.1503962e-01
  -1.3444430e-02
   8.3375572e-02
  -1.1029329e-01
   1.3292152e+00
   1.0034612e+00
   3.5538510e-01
   2.9801646e-01
   1.0167078e+00
   9.1878067e-01
   1.4864159e+00
   1.0562824e+00
   8.7583765e-01
   6.1511757e-01
   2.1069804e-01
   2.7158263e-01
   5.7208376e-01
   8.1168297e-01
   1.7432332e-01
   7.1790938e-02
   1.1087983e+00
   1.2281493e+00
   1.3346657e+00
   6.8426996e-01
   1.0121781e+00
  -1.5536569e-01
  -5.4903021e-01
  -2.2318617e-01
   3.0724378e-02
  -7.0908374e-01
  -5.5097908e-01
  -7.4118431e-01
  -1.6180964e-01
  -5.6902627e-01
  -6.6407872e-01
  -9.4625134e-01
  -5.2294278e-01
  -9.2719862e-01
   5.9343125e-02
   5.3073253e-02
   3.2898527e-02
  -2.0626361e-01
  -1.1950549e-02
   3.0136112e-01
   8.6791675e-01
   1.9893035e-02
   4.8280556e-01
   1.6526819e-01
   1.1816015e+00
   8.1280280e-01
   8.5680562e-01
   7.8060480e-01
   1.0928129e+00
   9.2880363e-01
   9.7181646e-01
   9.0124735e-01
   1.6773866e+00
   1.7980725e+00
   2.1762771e+00
   1.9536172e+00
   2.4833088e+00
   1.8919418e+00
   6.2611657e-01
   4.8478595e-01
   7.0465433e-01
   3.2404634e-01
  -2.1479258e-01
  -6.1164896e-01
  -1.5552099e+00
  -1.0092623e+00
  -1.5127820e+00
  -7.2425562e-01
  -4.2545677e-01
   2.8030786e-01
  -9.5202827e-01
   2.1182836e-02
  -1.5147668e-02
  -3.2166514e-01
  -2.6773786e-01
  -2.2404069e-01
  -1.0937115e-02
   4.6931474e-02
  -7.3534876e-01
   3.8410529e-01
   4.6340956e-01
   2.9505210e-01
   1.3524081e-01
   9.6763521e-01
   6.7626285e-01
   7.8661042e-01
   4.3338636e-01
   1.0381615e+00
  -2.4632019e-01
   4.0346922e-01
   6.7779708e-01
   3.2999825e-02
   1.4304637e-01
  -2.9178326e-02
  -7.8284541e-03
  -2.7639117e-01
  -2.2194573e-01
  -4.9997045e-01
             NaN
  -2.4648989e-01
  -9.5243787e-01
  -1.0891228e+00
  -9.8048018e-01
  -8.1652209e-01
  -9.0429162e-01
  -1.2219104e+00
  -8.1539102e-01
  -4.2823144e-01
  -5.6944385e-01
  -2.2899635e-01
  -2.7345795e-01
  -5.3614795e-01
  -5.4416894e-01
  -3.0501469e-01
  -3.9702498e-01
  -4.8433588e-01
  -4.3757763e-01
   2.8524686e-01
  -4.5684732e-01
  -3.9232980e-01
   1.7662000e-01
  -1.3917260e-01
   6.3716255e-01
  -7.5436512e-02
  -1.1934218e-02
  -4.9963144e-01
   8.7099005e-02
  -4.6316671e-01
  -7.1048719e-02
  -5.8035195e-01
   1.6977210e-01
   2.5886821e-01
   4.7852109e-01
   7.6202149e-01
   3.3465273e-01
   4.7972484e-01
   9.6311196e-01
   8.7201402e-01
   1.1901697e+00
   8.5208892e-01
   8.4484481e-01
   1.9769161e-01
   5.8018933e-01
   3.3888642e-01
   3.8821042e-01
   5.2645394e-01
   1.4115619e+00
   1.5483590e+00
   1.0935294e+00
   1.3285982e+00
   1.8609331e+00
   1.9989859e+00
   1.6895461e+00
   1.5315673e+00
   6.4017792e-01
  -4.3108397e-01
  -7.1558236e-02
   2.7300711e-01
   7.5497205e-01
  -3.0216880e-01
   2.1021196e-01
  -1.1074904e-01
  -1.6996803e-01
  -4.8363754e-01
   7.4421807e-02
  -5.4305567e-01
  -5.8199480e-01
  -3.2281553e-01
  -6.3026247e-03
  -2.4175760e-01
  -2.6298630e-01
  -6.3599128e-01
  -3.9999683e-02
  -2.6810895e-01
  -4.3457916e-01
  -5.1693804e-01
  -3.7033170e-01
  -1.4818193e-01
  -6.8487094e-01
   2.1150437e-01
   1.0852917e-01
   2.3619652e-01
   4.1565688e-01
   8.7937760e-01
   1.1008102e+00
   1.3189295e+00
   1.7820751e+00
   1.6595442e+00
   1.4726579e+00
   1.4963540e+00
   1.0252517e+00
   7.1543137e-01
   9.7817400e-01
   9.1019578e-01
   8.3624112e-01
   5.0780962e-01
   1.6059908e-01
   8.3766020e-01
   2.0413768e-01
   5.5219123e-01
   5.9296443e-01
   2.9468892e-01
   5.9714958e-03
   3.7639479e-01
   9.5381345e-02
   1.7577742e-01
  -4.9630682e-01
  -1.8699299e-01
   2.6120643e-01
   2.3687239e-01
   4.4740820e-01
   2.4181237e-01
   5.1631248e-01
   6.1897630e-01
   6.8470154e-01
   7.6526705e-01
   9.3919565e-01
   1.1055856e+00
   2.1162731e+00
   1.7524174e+00
   1.7699164e+00
   2.0485062e+00
   2.1668305e+00
   1.8805564e+00
   1.8880258e+00
   1.5661416e+00
   1.1714584e+00
   3.5337306e-01
   4.8655719e-01
   7.6410158e-02
  -3.0801046e-01
  -5.3805625e-01
  -2.7319298e-01
  -1.2134739e-01
  -4.5301753e-01
  -6.7309317e-01
   1.1717219e-02
   1.9720819e-01
   4.1792698e-01
   2.2233690e-02
   2.0699517e-01
   7.4221004e-01
   1.2474359e+00
   1.3775806e+00
   7.5166087e-01
   1.4374105e+00
   1.3185846e+00
   1.4600851e+00
   1.6733243e+00
   1.1558031e+00
   1.4677955e+00
   1.2883011e+00
   1.8475493e+00
   1.8942519e+00
   1.3322330e+00
   1.3731861e+00
   1.9394932e+00
   1.6430587e+00
   1.3841549e+00
   1.1825510e+00
   1.4395698e+00
   6.7873944e-01
   3.4014570e-01
   7.2633256e-01
   2.4830550e-01
  -2.5830742e-01
  -3.6740600e-01
  -9.8318261e-01
  -3.5879188e-01
  -5.7159969e-01
  -7.8211751e-01
  -1.5751384e-01
  -1.9692923e-01
  -4.3408577e-01
  -5.6691053e-01
  -5.1536619e-02
   2.8364573e-01
   4.2317560e-01
   9.2011240e-01
   2.2031265e-01
   9.2992018e-01
   3.4250297e-01
   6.1164310e-01
   5.5448177e-01
  -1.2928127e-01
   7.2890848e-01
   1.8285752e-01
  -1.3097149e-01
  -8.8548978e-03
  -5.2237258e-01
  -5.9350346e-01
  -7.7364274e-03
  -8.4102804e-01
  -3.5174672e-01
  -5.9151919e-01
  -6.5129251e-01
  -4.6030318e-01
  -1.0602384e+00
  -1.0916397e-01
  -2.1963957e-01
  -6.6381489e-01
  -5.1295409e-01
  -2.5909925e-01
  -9.5459665e-01
  -4.9408796e-01
  -9.5212718e-01
  -9.4611283e-01
  -1.2727643e+00
  -7.0578732e-01
  -3.2788617e-01
  -9.0929281e-01
  -1.1258799e+00
  -4.4133538e-01
  -3.9908206e-01
  -1.5660489e-01
  -6.0112374e-01
  -4.8726640e-01
  -6.9298985e-02
  -4.7798927e-01
  -1.8722211e-01
  -4.7638322e-01
  -6.0576423e-01
  -4.8728099e-01
  -3.2214752e-01
   5.2110878e-01
   3.7239300e-01
   1.1773641e+00
   1.2257663e+00
   1.3088191e+00
   1.3331425e+00
   1.8148921e+00
   2.2545853e+00
   1.6500913e+00
   1.1478333e+00
   9.2767094e-01
   1.1313110e+00
   4.5510059e-01
  -1.4296335e-01
   1.7700620e-01
  -3.3913863e-01
   4.0116306e-01
   2.3725026e-01
  -6.8383141e-02
  -5.4204164e-02
  -6.7559315e-02
   2.9297184e-01
   2.8388220e-01
   5.9695151e-02
   2.8093089e-02
   5.1567145e-01
   5.0935474e-01
   3.7263003e-01
   6.2152310e-01
   5.3803152e-01
   9.0791416e-01
   1.3024179e+00
   1.2539121e+00
   7.3570813e-01
   7.2781688e-01
   9.1189565e-01
   6.1441904e-01
   3.7248204e-01
   7.8249943e-01
   7.2031903e-01
   1.6574157e+00
   8.3589344e-01
   1.3065256e+00
   7.0063975e-01
   6.6944677e-01
   1.1815086e+00
   1.0207450e+00
   5.0316043e-01
   1.1979575e+00
   1.0116857e+00
  -7.6005201e-01
   1.2845296e+00
  -3.1806959e-02
  -6.3499020e-01
  -6.5961863e-01
  -5.2986329e-01
   9.7650436e-02
   4.9466774e-01
  -3.4515136e-01
   5.3043261e-01
   4.8597745e-02
  -1.0884588e-01
  -8.1844384e-01
  -1.5534473e+00
  -7.5638119e-01
  -1.4918145e+00
  -9.7129740e-01
  -7.5250512e-01
  -7.9784577e-01
   2.6254935e-01
  -2.5485924e-01
   4.0103135e-01
   4.1614147e-03
   3.3581233e-01
  -4.1210714e-01
             NaN
   5.4945144e-01
   1.4500888e-03
  -1.5507483e+00
  -6.8515531e-01
   2.1540460e-01
  -4.4781844e-01
   1.1817268e-01
  -2.9996548e-01
   6.1971860e-01
   9.4121135e-01
   1.0309225e+00
   1.1604968e+00
   1.3349493e+00
   9.9250687e-01
   2.2619121e+00
   2.3337664e+00
   1.2596656e+00
   1.7978582e+00
   4.8603165e-01
   3.3355581e-01
   7.8091085e-01
   5.1507059e-01
   1.8405168e-01
   1.8797529e-01
   8.4078082e-01
   3.8228325e-01
   3.2366730e-01
   1.0500467e+00
   8.1600556e-01
  -8.6789796e-01
   9.5690027e-01
   1.7812392e-01
   9.6035252e-01
   9.2386344e-01
   3.0999673e-01
  -9.3629746e-02
   5.0504140e-01
   1.3471854e-01
  -5.2647063e-02
   3.9554557e-03
   6.3760753e-02
   3.2148541e-01
  -5.5896493e-01
  -2.9937511e-02
  -4.0615000e-01
  -5.4343393e-02
   2.0452925e-02
  -2.7317781e-01
   4.4294491e-01
   1.6899212e-02
  -2.0430584e-01
   2.9278247e-01
  -3.9825323e-01
   8.8378342e-02
   2.1590286e-01
   3.1680866e-01
   3.7772950e-01
  -4.0972140e-01
  -9.2458183e-02
  -2.9179859e-01
  -1.1158031e-01
  -7.1823284e-01
  -4.2487708e-01
  -1.7541406e-02
  -2.5294275e-01
  -3.8289996e-01
   2.0931342e-01
   2.4060537e-01
   5.3406450e-01
   5.6263517e-01
   6.3985871e-01
   6.1137546e-01
   1.0675768e+00
   9.4754930e-01
   1.0486989e+00
   8.6614810e-01
   4.6898487e-01
   4.3161961e-01
   4.2604636e-01
  -1.3489243e-01
  -2.9659393e-01
  -1.8251122e-01
  -5.5017109e-01
  -6.4056786e-01
  -6.9152484e-01
  -5.5460297e-01
  -6.0144945e-01
  -4.4505208e-01
  -5.3544025e-01
  -3.6001986e-01
   9.8889730e-03
   2.4193767e-02
   9.9991244e-02
   4.5606721e-01
   6.0236880e-01
   8.0803951e-01
   8.7198059e-01
   8.0138628e-01
   1.3124994e+00
   1.1913993e+00
   1.2538883e+00
   9.3452225e-01
   8.7955519e-01
   8.8690333e-01
   8.4109605e-01
   1.1807579e-01
   4.9718725e-01
   2.8363358e-02
  -1.4656705e-01
  -4.5246084e-01
  -3.6170829e-01
  -4.1517005e-01
   2.5697845e-01
   3.7554352e-01
  -3.6101088e-01
  -3.8762737e-01
   1.9397664e-01
   3.8157582e-02
  -1.9071291e-01
   1.6732048e-01
   3.3058489e-01
   4.9898910e-01
   2.5357803e-01
   4.7290446e-01
   3.3347442e-01
   1.9037143e-01
   1.1683653e-01
   2.6793650e-01
   3.9406118e-01
  -2.8774446e-01
   1.4329277e-01
   6.8782118e-02
   1.4186398e-01
   2.2610513e-03
   6.6906674e-02
   1.6584782e-01
  -2.8068176e-01
  -1.1508543e-01
   3.5762310e-01
   3.0666257e-01
   3.9412894e-01
   5.1681624e-01
   2.9165296e-01
   3.3037181e-01
   6.5818933e-01
   4.9658303e-01
   5.4157067e-01
   3.9058303e-01
   4.8419639e-01
   3.9666009e-01
   3.4619535e-01
   5.4241202e-01
   5.4036352e-01
   2.6112904e-01
   8.5802113e-01
   8.0286400e-01
   1.2022686e+00
   1.2332846e+00
   1.6590719e+00
   1.6221655e+00
   1.6985823e+00
   1.0574547e+00
   9.6189707e-01
   9.2815477e-01
   5.8665930e-01
   2.4146696e-01
   2.0145912e-01
   1.4773946e-01
  -2.8008437e-01
  -4.5897857e-01
  -4.2345591e-01
  -4.6132779e-01
  -8.4116615e-02
   2.4913744e-01
   6.1955896e-01
   3.3155662e-01
   9.8594099e-01
   5.6879631e-01
   1.7322061e-01
   1.4728758e-01
   2.2752810e-01
   7.1628413e-02
   7.3890306e-02
   9.1965335e-02
  -1.0952357e-02
   3.6117126e-01
  -8.1994735e-02
   1.1983262e-01
  -3.6400491e-01
  -4.3225371e-01
  -6.2897691e-01
  -6.8141471e-01
  -3.7686679e-01
  -1.0199469e+00
  -7.6285774e-01
  -8.5824641e-01
  -5.0991587e-01
  -4.3440820e-01
  -2.0913406e-01
   1.8483566e-01
   1.3146535e-01
  -7.8538230e-02
  -5.5449055e-02
   2.0032696e-01
   6.0974026e-02
  -1.5195169e-01
   6.7040264e-03
  -5.0261352e-01
  -6.2769296e-01
  -5.0608219e-01
  -3.3626395e-02
  -2.5230972e-01
  -1.6615123e-01
  -3.5444750e-02
  -1.5042150e-01
   3.1036010e-01
   2.9010092e-01
   2.8566806e-01
   2.3866920e-01
   6.1902463e-02
   3.1825242e-01
   2.9784191e-01
   2.5361960e-01
   4.5615497e-01
   2.5755455e-01
  -2.0717149e-01
  -2.4190506e-01
  -1.5756119e-01
   1.1301781e-01
   2.0450618e-01
  -8.2098069e-02
  -5.9822433e-02
  -3.0989966e-01
  -2.2227139e-01
  -2.2935579e-02
   2.1380615e-01
  -3.1555579e-02
   1.7087894e-01
   7.4384785e-02
  -6.4684846e-02
   3.8737640e-02
  -1.4825333e-01
   1.7548436e-01
  -1.2365136e-01
  -5.5976304e-01
  -9.1680193e-02
  -5.7730142e-01
  -6.9189081e-01
  -5.9667940e-01
  -9.2371724e-01
  -1.0886168e+00
  -6.0734791e-01
  -8.7069925e-01
  -7.2682352e-02
  -7.7081966e-01
  -4.0298378e-01
  -6.3378693e-02
   1.7398558e-01
  -3.8710229e-01
   7.6926964e-01
   3.8916181e-01
   5.3592756e-01
   7.2939720e-01
   6.6888981e-01
   5.9730592e-01
  -3.6977027e-01
  -3.1337130e-02
   2.7446139e-01
   1.0407912e+00
   9.7650839e-01
   8.3514570e-01
  -4.5621993e-02
   8.0696226e-01
   5.5262479e-01
   4.9644203e-01
   2.3074143e-01
   5.2658615e-01
   5.0025502e-01
   7.9541527e-01
   1.1892896e+00
   1.1970867e+00
   1.2204142e+00
   1.0227553e+00
   1.0842047e+00
   1.0903196e+00
   1.1613448e+00
   1.1012955e+00
   6.5724213e-01
   5.0168360e-01
   5.1726509e-01
   8.3127783e-01
   9.2958734e-01
   9.5242918e-01
   6.0792214e-01
   2.5874371e-01
   4.0021596e-01
   2.1503181e-02
   2.5794931e-02
  -3.8097371e-01
  -8.6893543e-01
  -1.2020758e+00
  -9.0425583e-01
  -1.2338543e+00
  -1.1457017e+00
  -1.2905428e+00
  -1.1636618e+00
  -1.0034561e+00
  -8.0369025e-01
  -6.1710273e-01
  -1.0238266e-01
  -6.8232141e-02
   1.1678017e-01
  -4.7924796e-03
  -6.8287896e-01
  -5.8230391e-01
  -4.6702877e-01
  -4.6798473e-01
  -2.2740998e-01
  -1.2227706e-01
   2.3347984e-01
   2.0828630e-01
   8.2730351e-03
   2.3678713e-01
   1.8704406e-01
   2.5964412e-01
  -4.3840276e-01
  -3.5638371e-01
  -3.3118163e-01
  -5.7343450e-01
  -4.3482025e-01
  -1.0769864e+00
  -1.3086396e+00
  -2.8882473e-01
             NaN
  -7.6516501e-01
  -3.1267612e-01
  -2.8269609e-01
  -3.7969016e-01
  -3.3464313e-01
   2.9590252e-01
             NaN
   1.4286032e-01
  -2.3939632e-01
   2.7785148e-01
   5.0169626e-01
  -4.9027819e-01
  -5.2330460e-01
  -6.4541511e-01
   4.4143988e-01
  -3.2753533e-01
  -2.7888111e-01
   4.8456422e-01
   4.5037219e-01
   3.5119527e-01
   2.6731619e-01
   3.4779536e-01
   4.6876576e-01
   4.6921308e-01
  -2.4691260e-01
  -2.0627089e-01
  -2.4581278e-01
  -4.3353675e-01
  -2.1682859e-01
  -6.5750343e-02
   3.8441238e-01
   3.8724836e-01
   5.7971162e-01
   5.1986305e-01
   3.9142761e-01
  -3.1762558e-01
  -7.0367193e-01
  -2.1749568e-01
  -3.5463742e-01
  -4.5845300e-01
  -1.1778683e-02
   1.5660910e-01
  -6.4993817e-01
   4.4318981e-01
  -9.5320256e-03
   6.1989483e-01
   2.9568343e-01
  -2.5838543e-01
  -2.0572495e-01
  -4.1856793e-01
  -8.1552273e-01
  -1.0774449e+00
  -1.2945351e+00
  -5.7451181e-01
  -1.1917783e+00
  -1.3134717e+00
  -4.3849487e-01
  -6.6868336e-01
  -7.3525304e-01
  -5.1493278e-01
  -1.0311739e+00
  -5.4263688e-01
  -8.8357162e-01
  -8.6631927e-01
  -1.0057373e+00
  -2.9584365e-01
  -3.7746788e-01
  -4.0932910e-01
  -2.4147301e-01
   5.7529559e-01
   6.0083193e-01
   4.4402784e-02
   1.4171762e+00
   1.2027636e+00
   7.0574103e-01
   1.1483310e+00
   1.5398529e+00
   1.0852170e+00
   6.3654734e-01
   2.1762347e-01
  -9.1757306e-02
   3.5293830e-01
  -3.0856283e-02
  -4.1345648e-01
  -4.1939436e-01
  -4.7557248e-01
  -3.0877439e-01
  -3.0198626e-01
  -4.6918202e-01
  -2.5665191e-01
   3.9471704e-01
   3.4359088e-01
   5.0389989e-01
   9.5287153e-01
   7.1751128e-01
   5.6459370e-01
   5.0026514e-01
   1.5317385e-01
   9.1986013e-01
   2.5881838e-01
   4.9706496e-01
   1.5047138e-01
  -1.0184351e-01
  -5.6058653e-03
   1.3852738e-01
  -8.1365527e-01
  -9.4649950e-01
  -9.9251451e-01
  -1.0408694e+00
  -9.5339434e-01
  -9.6398086e-01
  -1.0817660e+00
  -8.0504177e-01
  -8.7337686e-01
  -2.5428867e-01
   1.6579065e-01
  -4.6198391e-01
  -4.6528081e-01
  -8.4790944e-01
  -8.7494995e-01
  -9.6214667e-01
  -6.5513140e-01
  -1.0948908e+00
  -1.3736373e+00
  -1.8287810e+00
  -1.4753057e+00
  -1.1382640e+00
  -5.3316590e-01
  -3.9623852e-01
  -9.6916189e-02
  -2.0426763e-01
  -7.1883990e-02
  -2.3542230e-01
  -5.0286338e-01
  -4.6775899e-01
  -4.3328394e-01
  -6.7520236e-01
  -5.6803239e-01
  -5.4849756e-01
  -1.7518033e-02
   3.9042158e-01
   6.5804759e-01
   1.0204131e+00
   1.2371816e+00
   1.4877945e+00
   1.1845039e+00
   1.0780532e+00
   8.1975542e-01
   1.1976626e+00
   1.2580580e+00
   1.3626097e+00
   1.1790606e+00
   8.6757002e-01
   3.6352105e-01
   2.2377859e-01
   4.3565750e-01
   3.4711750e-01
   1.9329786e-01
  -2.1462331e-01
   3.3293489e-02
   7.5066891e-02
   2.4138570e-02
   4.6989450e-02
   9.1478323e-02
   4.3113344e-01
   4.5645958e-01
   2.2162592e-01
  -1.2440388e-01
  -2.2873608e-01
  -2.2581986e-01
  -2.2245681e-01
   4.0944341e-01
   8.6536867e-02
   9.3817784e-02
   2.3076835e-02
  -6.3767540e-02
   1.7588000e-01
   1.0085707e-01
   3.5181982e-02
  -1.7136945e-01
  -2.2739554e-01
  -1.3066118e-01
   1.7771630e-01
  -2.7790181e-01
  -5.3117606e-01
  -2.6699442e-01
  -2.6254869e-02
   5.0000246e-01
   5.9802222e-02
  -1.1761243e-01
  -6.8768039e-02
   1.8515989e-01
  -3.3958897e-01
  -4.1246664e-01
  -7.5793376e-01
  -1.0137785e+00
  -2.4882597e-01
  -2.5493179e-01
  -1.3482049e-01
   7.5920204e-02
  -2.4534982e-01
  -8.0810091e-01
  -4.5722719e-01
  -1.7483375e-01
  -2.8170561e-01
  -2.6950941e-01
  -3.0739836e-01
  -3.2602873e-01
  -4.7818547e-01
  -6.8577969e-01
  -3.5389424e-01
  -2.8313710e-01
   1.3373414e-01
   1.0195776e-01
   1.2509088e-01
   2.6158979e-01
   6.3072087e-01
   7.8203762e-01
   7.3985536e-01
   7.0660979e-01
   8.3888574e-01
   9.0988719e-01
   7.2317943e-01
   1.6163279e-01
  -1.5194540e-01
  -6.1795388e-01
  -1.0231125e+00
  -1.0839898e+00
  -4.4898626e-01
  -5.9359691e-01
  -4.0318675e-01
  -4.9941850e-01
  -6.2044022e-01
  -7.7311675e-01
  -1.1005158e-01
   1.0639183e-01
   3.3280391e-01
   5.2425058e-01
   1.0863573e+00
   1.3180213e+00
   1.3034140e+00
   1.6009977e+00
   1.4640732e+00
   1.5275017e+00
   1.5326161e+00
   1.3965733e+00
   1.2582847e+00
   7.7648773e-01
   3.5096279e-01
   6.6915422e-03
  -1.8725685e-01
  -1.3879712e-01
   1.1115318e-01
  -6.5134989e-02
  -2.4659305e-01
  -2.3424627e-02
  -4.8055606e-01
  -5.4173493e-01
  -3.9279160e-01
  -1.9917554e-01
  -2.7638917e-01
  -2.1834202e-01
   1.4659857e-01
   3.0918647e-01
  -1.8852634e-01
  -9.2504133e-01
  -8.4100035e-01
  -6.9253541e-01
  -5.4042976e-01
  -4.9904872e-01
  -7.2650952e-01
  -8.1532607e-01
  -8.1996109e-01
  -4.5316032e-01
  -4.6540022e-01
  -5.1710235e-02
   2.9680278e-01
   4.7698430e-01
   4.2179117e-01
   4.4429869e-01
   5.8392852e-01
   7.4051238e-01
   7.5150397e-01
   3.9534292e-01
   4.0651724e-01
   5.2356934e-01
   1.0342008e+00
   7.0909785e-01
   2.7488385e-01
   6.6626087e-01
   6.8714815e-01
   9.2176050e-01
   9.1521825e-01
   1.1152571e+00
   6.9065503e-01
   2.1447557e-01
  -1.3523177e-01
   4.3234203e-02
  -3.0164688e-01
  -7.0668634e-01
  -1.1810028e+00
  -8.9546271e-01
  -7.1329934e-01
  -6.2845721e-01
  -1.0070087e+00
  -7.0557648e-01
  -1.0977437e+00
  -7.9232106e-01
  -5.7779074e-01
  -3.7617696e-01
  -3.0975427e-01
  -3.2838247e-01
  -3.7088805e-01
  -6.3709333e-01
  -4.0852305e-01
  -5.7727012e-01
  -5.6514146e-01
  -7.4455150e-01
  -1.7088235e-01
  -1.1867305e-01
   1.3996488e-01
   6.1782154e-01
   8.8855025e-01
   1.0807588e+00
   1.6093954e+00
   1.7701602e+00
   1.5812592e+00
   1.8870498e+00
   1.9133493e+00
   2.1371116e+00
   1.6329212e+00
   5.1831081e-01
   2.0394736e-01
  -4.0705893e-01
  -5.3454288e-01
  -7.1537551e-01
  -1.1170546e+00
  -1.0670563e+00
  -8.1780904e-01
  -8.3019889e-01
  -8.0188483e-01
  -1.0677583e+00
  -1.0564159e+00
  -7.7210142e-01
  -5.7835777e-01
  -1.2107361e-01
  -1.9606210e-01
   1.2237768e-01
  -1.1910918e-02
   5.5483357e-02
  -4.2599570e-02
  -6.4134226e-01
  -5.7687010e-01
  -6.4816737e-01
  -2.0992761e-01
  -3.4779072e-01
  -1.4740610e-01
   1.1636956e-01
  -2.5548462e-01
  -6.8796468e-01
  -6.1319571e-01
  -6.4218530e-01
  -7.5832343e-01
  -7.7614536e-01
  -7.9444819e-01
  -1.2243323e+00
  -1.0047193e+00
  -2.9899826e-01
  -1.1437468e-01
   3.9140613e-02
   4.7952976e-01
   8.6390896e-01
   8.4398789e-01
   1.3272435e+00
   1.1018405e+00
   1.1711851e+00
   1.0906299e+00
   6.8189900e-01
   9.3806024e-01
   5.4355391e-01
   4.4348189e-01
  -2.1996738e-01
  -3.3863987e-02
   4.7414193e-02
   2.0637051e-01
   1.4140632e-04
   1.0770467e-01
   4.0818612e-01
   4.9547462e-01
   5.9773246e-01
   5.6521046e-01
   5.1335578e-01
  -3.9621321e-02
  -3.5201172e-01
  -3.6153282e-01
  -4.7324595e-01
  -4.0560898e-01
  -6.4652037e-01
  -1.8785719e-01
   5.6364624e-02
   7.5805691e-02
   3.3142997e-01
  -1.2760429e-01
   1.6736347e-01
   1.3772873e-01
   3.0296793e-01
   3.7976777e-01
   3.4514636e-01
   7.4524698e-02
   2.2709867e-01
   6.5553779e-01
   5.5089621e-01
   5.8681900e-01
   3.5909694e-01
   3.9254795e-01
   2.2446913e-01
   2.2285160e-01
   1.6609923e-01
   4.6114906e-01
   5.7284653e-01
   1.5518870e-03
  -5.0597254e-02
   2.1851710e-01
  -6.9588137e-02
   3.5116022e-01
   4.0278746e-01
  -5.9683951e-01
  -5.5988892e-01
  -2.1545651e-01
  -3.4405224e-01
  -6.6185557e-02
  -1.5387446e-02
  -3.7808934e-01
  -4.7809918e-01
   9.9455709e-02
  -1.2189057e-01
  -2.7281570e-01
   2.3954702e-01
   3.1420412e-01
  -5.5082274e-02
   1.0886809e-01
   3.0603405e-01
   7.3663687e-01
   1.0025138e+00
   7.6948256e-01
   1.0595130e+00
   1.7102093e+00
   1.8262317e+00
   2.4303928e+00
   2.6916825e+00
   2.2516892e+00
   1.6729783e+00
   1.4717361e+00
   1.3417996e+00
   1.9562028e+00
   1.5340730e+00
   1.0784670e+00
   8.8629070e-01
   7.8057320e-01
  -1.4788288e-01
  -4.0985697e-01
  -6.3795337e-01
  -2.8137483e-01
  -4.5798263e-02
   1.8027418e-02
  -3.0108363e-01
  -4.9231977e-01
  -8.9188475e-01
  -2.4599271e-01
  -1.7849700e-01
  -9.9554267e-02
  -7.6406158e-01
  -4.0652149e-01
  -7.7413357e-01
  -6.7232833e-01
  -7.1693247e-01
  -7.0887649e-01
  -5.6868080e-01
  -7.2455067e-01
  -5.8346404e-01
  -5.7290656e-01
  -2.5752385e-01
  -5.3387676e-01
  -3.8542226e-01
  -4.1667383e-01
  -4.1201394e-01
  -5.0010533e-01
  -1.2233186e-01
  -1.1101395e-01
  -1.6063881e-01
  -2.6311209e-01
  -1.9105360e-01
   2.1441679e-01
   2.5776780e-01
   4.0824950e-01
   2.0041948e-01
   9.5112665e-01
   8.8950470e-01
   1.2321703e+00
   1.1653246e+00
   1.0486449e+00
   1.0979055e+00
   1.2356282e+00
   1.1682610e+00
   1.2738267e+00
   1.3385015e+00
   1.5724516e+00
   1.2266750e+00
   1.0154812e+00
   9.3514121e-01
   3.8847397e-01
   1.8573956e-01
  -8.3279892e-02
  -4.5682894e-01
  -1.2496289e+00
  -1.5622028e+00
  -1.3464939e+00
  -9.4014553e-01
  -5.6689817e-01
  -1.0405648e+00
  -1.0559152e+00
  -1.0823451e+00
  -8.5394144e-01
  -5.4617281e-01
  -8.1076895e-01
  -6.6782200e-01
  -3.2503458e-01
  -1.7006567e-01
  -5.8149002e-01
  -3.1875797e-01
  -1.5347150e-01
  -1.7737124e-01
  -2.7058410e-01
  -2.8614998e-01
  -1.3478170e-01
   1.3035624e-01
   3.2057742e-02
  -1.4923223e-01
   2.9279327e-01
  -1.0885862e-02
  -8.5491956e-03
   2.3031192e-01
   1.6838955e-01
   1.7658863e-01
  -2.2842536e-02
  -1.6254734e-01
   1.9481164e-01
   1.8035206e-02
   2.3441912e-02
  -7.6078760e-03
   4.9804150e-01
   8.1501971e-01
   6.6197124e-01
   5.5526391e-01
   4.5643865e-01
   9.7131573e-01
   1.1226718e+00
   1.3873673e+00
   1.5083249e+00
   1.4342480e+00
   1.0949174e+00
   1.0925184e+00
   1.1090560e+00
   4.8005766e-01
   3.4104882e-01
   1.1205008e-01
   1.7638155e-01
  -3.8895670e-02
   1.3652085e-01
   2.3750530e-01
   2.3443033e-01
   3.9177353e-01
   5.0092543e-01
   8.5389551e-01
   1.0164144e+00
   9.1929005e-01
   7.0170208e-01
   5.9712713e-01
   7.9574227e-01
   7.5665424e-01
   6.9192959e-01
   4.3854721e-01
   2.5317089e-01
  -2.4516758e-02
  -4.2193040e-02
  -9.6211131e-02
   1.5597724e-01
   2.8504297e-01
   1.0710105e-01
   4.1306035e-01
   6.2239453e-01
   8.7582735e-01
   1.0783052e+00
   9.2018364e-01
   7.6950029e-01
   6.4999357e-01
   1.0409832e-01
  -1.3968441e-01
  -2.6398720e-01
  -1.3302894e-01
  -2.7069585e-01
  -4.5149337e-01
  -5.0270039e-01
  -6.3103081e-01
  -7.6121547e-01
  -6.8495156e-01
  -5.4248319e-01
  -6.6327191e-01
  -5.0715459e-01
  -6.3827324e-01
  -4.3946010e-01
  -4.0955200e-01
  -2.3949851e-01
  -3.2373069e-01
  -3.4925824e-01
  -3.8923816e-01
  -3.9776061e-01
  -7.0820991e-01
  -4.3761213e-01
  -2.8877165e-01
  -8.3752817e-02
   3.4110747e-01
   9.5869578e-01
   1.1487646e+00
   1.6319358e+00
   1.9641943e+00
   2.2243261e+00
   2.1925850e+00
   2.5315420e+00
   2.3458091e+00
   2.1636834e+00
   1.6051214e+00
   1.2105586e+00
   7.2511159e-01
   5.6645172e-01
  -2.5938783e-01
  -7.4013630e-01
  -6.7664164e-01
  -5.6305611e-01
  -1.0516048e+00
  -1.2838901e+00
  -1.5867224e+00
  -1.5671358e+00
  -1.2201881e+00
  -9.0326441e-01
  -9.9733689e-01
  -6.9013484e-01
  -7.5688759e-01
  -7.5557320e-01
  -9.4958023e-01
  -7.4433159e-01
  -9.7956719e-01
  -1.3186495e+00
  -1.5005484e+00
  -1.5062935e+00
  -1.2333283e+00
  -8.1451678e-01
  -4.3045667e-01
  -4.6081625e-01
  -5.8232665e-01
  -5.1658440e-01
  -5.0469836e-01
  -4.0425377e-01
  -6.0861525e-01
  -6.9991769e-01
  -8.2697884e-01
  -6.8977377e-01
  -6.3530148e-01
  -4.0574963e-01
  -2.7510479e-01
  -2.8794347e-01
  -1.5950590e-01
  -6.8483070e-02
  -1.7901557e-01
  -1.0755808e-01
  -2.5294337e-01
  -3.2229367e-01
  -4.8512246e-01
  -1.5756943e-01
  -8.1330899e-03
  -2.2320162e-02
   4.2144819e-02
   2.1048005e-01
   5.5412849e-01
   5.4743026e-01
   6.4175273e-01
   9.5245002e-01
   9.0370454e-01
   1.2820803e+00
   1.0597091e+00
   8.2023622e-01
   4.7494197e-01
   2.9463491e-01
  -2.6099629e-01
  -6.2385887e-01
  -4.5964017e-01
  -1.5343153e-01
  -2.1526084e-01
   2.1355771e-02
   1.8613266e-01
   2.1106519e-01
   2.4173592e-01
   1.7560379e-01
  -4.3965337e-02
  -2.2524434e-01
  -2.4945339e-01
  -3.3828558e-02
  -5.1257631e-02
   1.1263347e-01
   2.8596595e-01
   5.1921811e-01
   4.5258137e-01
   5.5887207e-01
   4.9250207e-01
   6.6788745e-01
   3.7822622e-01
   1.7239773e-01
  -3.3587577e-02
   8.7864446e-02
  -4.2365817e-02
  -1.0469028e-01
  -1.4094663e-01
  -7.7570429e-02
  -1.4084130e-01
  -5.6914024e-01
  -8.5422890e-01
  -6.5004231e-01
  -4.6205908e-01
  -5.1466618e-01
  -2.7252034e-01
  -2.0250876e-02
  -4.2795724e-02
  -1.1634565e-02
   3.1371594e-01
   6.1020427e-01
   6.1785090e-01
   9.3509120e-01
   9.2656900e-01
   5.5376145e-01
   1.5118048e-01
  -7.1911191e-02
  -2.4858645e-01
  -2.9992017e-01
  -3.5599669e-01
  -4.4746904e-01
  -4.9563698e-01
  -7.2468455e-01
  -1.2130354e+00
  -1.3722611e+00
  -1.1886671e+00
  -1.5718742e+00
  -1.2806955e+00
  -9.8445058e-01
  -8.5924149e-01
  -5.7781435e-01
  -5.3428018e-01
  -1.3518069e-01
  -6.1504508e-02
  -2.3698351e-01
  -3.5187534e-01
  -3.6666237e-01
  -7.4803176e-01
  -5.8901392e-01
  -6.0999658e-01
  -5.4260151e-01
  -1.4757582e-01
   2.2653341e-01
   1.7233045e-01
   3.0073452e-01
   3.8795444e-01
   6.6621749e-01
   6.5794873e-01
   1.0340680e+00
   1.1899176e+00
   1.1085193e+00
   8.4690083e-01
   5.7598102e-01
   3.0176359e-01
  -1.0556758e-01
  -5.7378441e-01
  -8.6907213e-01
  -1.1494523e+00
  -1.2586781e+00
  -1.5222252e+00
  -1.3876839e+00
  -1.6225491e+00
  -1.5524416e+00
             NaN
             NaN
             NaN
             NaN
             NaN
             NaN
             NaN
             NaN
             NaN
             NaN
             NaN
